1850640033,超级无敌bt辣鸡翅
2249787582
1692040173
1863292870
1818103992,DJ唯小宝
2933950185,名字只是代号而已_
2386381182,brant_晨
1782934392,盖姐说Erotic酱满身都是刺
2209381937,小土豆土豆11
2540814252,幸福鳗鱼酱
2926824614,蜀人李泽臣
1904004922,四川留守儿童心理关爱中心
1837719023,张颖Eva_Cheung
1676081330,罗骁驿
2206365804
1682180733
2244803532
2391942880
1660978052
1682180624
1682180051
1682180652
1682180843
1682180844
2085248041
2098418074
2080800821
2083380581
2088026753
2088008037,YQ天雨
2082801345
2082880173
2097804842
2081035801
2083805477
2082805683
2082880273
2083800167
2098805402
2097803592,武汉盛大企业策划有限公司_840
2098055964
2096580580
2065780547
2069211611
2077598051
2093991380,任我行江湖2011
2062938027
2098010092
2081871807
2097680132
2080801451
2078071693
2080497923,梦里天使花园_1985
2093996880,陈益奇cyq
2080532677
2075367280
2080918037
2067185980
2089880190
2078096147
2080678807,乐乐舞雪寒
2094528180,丑大侠
2072918045
2073809725
2074268063
2075807161
2068809163
2088068061
2076428053
2088063403
2077804757,夕夏_未惜晴
2088095193
2089809651
2085980273
2071680833
2089048087
2064803731,神起家功策划
2079386665
2089837801
2088665807
2089808985
2088018035
2092802591
2104802120
2089783405
2087800203
2101598052
2091803671
1948211880
1948280214
1948052092
2106904780
2092280907
2090868027
1949028780
1948298880
1949122180
1980851642
1948809780,酱油煮咖啡稀里糊涂
1949180682
1980274880
1947668000
1947806144
1980242880
1980882544
2080351387
2089980914
1947218092
2147580223
1949245880,纯贝贝1988
1980767830,斩月二号
1948090944
1949131080
1980982214
1947880160
2147580197
1948764080
1948098744,Francis阳阳阳
1980156800
1948022264
2080997291
1980488064
1948051412
1948051132
1980942080
1949580012,露斯郭华芳
1949029080
1949124780
1947807452
1980735442,男版豆腐果
1980140574
1951279480
1948067160,手机用户1948067160
1947768064
1948092000
1947258040
2091325880
1980133532
1948511380
2080122193
1947180304
2079980103,secret2011VAY
1980208344
1948069240
1980817990
1980790614
2087618065
1948527380
1948028520
1951158092,摆动的蝴蝶
2079365801
2090458011
2086806421
1980131904
2094636801,玮玮小小小丫头
2094480397
2080829622
2066806244
2099312807
2271950744
1811502762
1900417750
1905078550,不巧的巧女
1905075044
1905078540
1905077924
2150449834
2168650900
2165013494
1900417504
1907416784
2150951032
2757631871
2859452050
165476294
216470292
2761027244
207171521
206171239
1965248435,麻辣小小厨
3107813177,尜飞鱼琪琪
2356105344,筱柔1992
3125332257,mimmy果糖猫
3109142441,我爱蕃薯粉
3124358733,爱吃肉团的兔子
3125328641,SHow_seven7
3125334251,苏安8898
3125332013,fei19960111
3108237161,1990yangwei
3124386981,菲来菲去的大橙子
3533846474,爱美的张丽
1652091132,贡布雍措
3867866388
1616850252,全球时尚酷
2466980222,醒神生活百科
2366966334,黑猫灰仔
3154486717,真的我爱罗妻子
2395759114,Dirft-T
3672955950,好摄鬼520
3865648768
3822756460,baby201259
539123874
206156999
526123364
206203666
3774556487,红色花蕾儿
3608029294,同lkatherine大瑄
3775431632,芳芳Alma
3876389272
3424234650,气死盗号的
3873940577
3606966294,耀良民兄的馬甲___Win禧
3272161035,奕顺爆破
3807958851,鄣姆碧逵行
3564190242,叶葳蕤1023238449
3159219420,卢遍志
3295543775,畅君博秀
3774926910,小陈Cassie
3723018980,_张帅威
3306196292,你可有新恋人丶
3159159752,郭修祥
3159339492,师铿焕
3159160092,金靖帜丽
3305153792,唯爱王英伦
3774965202,Helly陈芳
3776427154,赵松john
3775608722,style小芳儿
3623025497,刘威josen
3774950782,小娅纳
3774607295,珊珊Maria
3775093917,司令玲玲
3775454404,周小新燕
3723018625,林邦民_
3241730280,袁家小凤仙
3626702811,旭古古Ve
3425623720,搜狗搜到狗丶
3774037145,Amber小佳
3775045650,颜颜小约
3298723075,百分之百丶宠你
3774099885,林艳Amy
3294882625,汤缘2011妍
3775454955,阳阳小杨杨
3608570633,季JULIA
3872617566
3606965060,幼灬莉莉安灬书
3876052394
3418399892,cookie_传城
3603043755,琨崙猪猪753963146
3570635945,福啊浅pro童
3826340836,梁成基大帅哥
2599098775,紫凝苡溪的天空
3770324397,LitlvtleBurrito
3158944090,手机用户3158944090
3570659924,诚独占郑允浩筹
3519529063,sinn_uma亚
3607522471,余小鸡小鸭小少爷1驰
3826340831
3654057692,研APPLE大爱满
3282262052,青五特产店
3561958175,周雯芸
3306203124,做个男人真的好难
3316227731,名牌服装批发
3873940364
3248417061,清除丶往事
3872962566
3159337812,郝慕浩舜
3248404475,网络集中营水
3770324391,王万木537
3018379271,翻身上了船
3132789405,上帝巨塔
3132752785,黎芿蓉
3132748081,阴阳教授
3132838743,江娆瑜
3129923287,说使令
3129902627,亚考兰
2392990334
2995100194,财富管理业
2806141887,金融行业
2700757943
2783980637
2783982403
2902689114
2700757577
2700753055
2902710524
2700757553
2902689274
2783990671
2700752991
2881717943
2700753011
2700757503
2880921995
2783976537
2881716713
2700757527
2902690222
2902689214
2783990605
2783991221
2700757597
2902689230
2783991281
2783990911
2902689290
2700758163
2880922335
2881716497
2902689234
2700753075
2902710740
2881716823
2700753101
2881716253
2881716617
2700757623
2700757653
2700753181
2902689470
2783976853
2902710680
2700753131
2902689422
2783977333
2700753175
2700753145
2700757677
2880922921
2881716973
2700753161
2902710772
2880923001
2700753211
2783992251
2783992245
2902690022
2783996061
2783979063
2880923625
2700753711
2783995995
2880924205
2700758133
2902690730
2880924051
2881717743
2783981433
2902711952
2783996121
2700753455
2881718553
2881718517
2880924371
2902711860
2700758123
2902711892
2700758127
2783980817
2783994551
2902712080
2783980937
2902690034
2700758073
2902711632
2902690714
2783979897
2881718107
2881718067
2783980703
2700753521
2700753515
2700753531
2783993821
2783979963
2880924045
2783994355
2700758083
2902711764
2783994491
2902711552
2902690242
2881718233
2902690262
2881717973
2880924021
2783980283
2783979117
2880923835
2902690174
2881717917
2881717897
2902711480
2700757937
2700753475
2700753491
2783979603
2783994061
2902690390
2700713051
2783994665
2783994731
2880923921
2881718157
2902690422
2880923111
2700757723
2783977693
2902689650
2700753245
2902689814
2881717293
2880923351
2783977973
2783992911
2783992605
2881717337
2700753275
2700753341
2700753305
2881717363
2783978507
2700757817
2880923435
2783993401
2700753561
2700731361
2700757823
2783993205
2881717643
2700731321
2700753385
2700731545
2700735963
2700736123
2700736053
2700731805
2700731735
2700731801
2700731705
2700731811
2700731671
2700731871
2700736283
2700736243
2700731855
2700736313
2700731851
2700731821
2700731791
2700736287
2700736317
2700736303
2902689914
2902689902
2881717587
2783993151
2880923681
2881717487
2881717517
2783978747
2902689974
2880923501
2700716945
2700718787
2700720537
2700723833
2700723357
2700722423
2700723727
2700723993
2700768985
2700767021
2700767295
2700767165
2700771961
2700767065
2700770861
2700766711
2700767195
2700767095
2700780703
2700767311
2700767151
2700776723
2700766995
2700773525
2700767275
2700766461
2700767125
2700766745
2700772053
2700767255
2700785003
2700771813
2700767221
2700767231
2700767025
2700766825
2700767215
2700766991
2700766811
2700780145
2700766475
2700767241
2700766965
2700766751
2700783187
2700766541
2700767245
2700771923
2700772023
2700766485
2700771693
2700771863
2700771627
2700771997
2700771737
2700766431
2700771857
2700771643
2700766451
2700771647
2700771703
2700771807
2700771633
2700771707
2700766445
2700771723
2700771667
2700771533
2700771477
2700771823
2700771887
2700771663
2700771483
2700771517
2700771593
2700771613
2700771417
2700771413
2700771357
2700771547
2700771347
3203504070,航天达兴波纹管
3025398121,瘦身减肥美容
3089573052,愈发的湛蓝
3089573112,百蝶纷飞
3089575472,给予的美好
3089575532,难以掌控平衡
3089573064,恬静的感觉
3089575562,落到视线里
3089573060,一思一情怀
3089575492,迷失的眼里
3089575540,真实的景物
3109115765,风无情风
3564369424,深圳市火悦餐饮管理公司
3564178342,赵丹198709
3490919465,分析师Wanzb
3089566712,往日的青翠
3089756342,遇到一个更好的
3090117100,所有的执念
3090098464,不断的潜移默化
3090121894,淋漓尽致的残念
3090106424,埋藏了起来
3090364992,愈加虚幻
3282749795,模特陈娜娜
3545354721,英伦星光文化传媒公司
3584737032,冯冶Z
3720014132,孙晓艳Amy
3090106400,很多时候lot飘忽的心情
3090117060,搁浅了韶华
3089751140,树叶的罅隙
3090413710,找不到遗忘的理由
3089573120,短促的甜蜜
3153409092,生错样式的大灰狼
3199729155
3603285715,育达技术
3298525701,调子高smile
2692007254
3653904962,想变钢铁侠-
3698242181,曾经_远离
3569675453
3871407923
3556180921,wooocloud
3025915142,江湖县
1934932467,张羽强
3223578533
3208751457,朱小会先生
1685128652,美丽_不_打烊
3480879314,怎么不说话呀
3501736525,靖江新海
3124357253,靳哟_晨曦
3245453214,静夏小丹丹
3480879311,新立獒园
3480879230,现代鞋材
2126292560,Avory-璇子
3316169230,贝尔森贸易q
3509349721,盛千金化妆品
3174286497,Alex天一
3168047487,未来光术
3227257171,百分百创意视觉摄影工作室
3598427911,王兴禄wxl
1289866094,张虹燕
3026080033,芭比娃娃的爱宠
3412283784,美爆潮品购
3545350901,星光英伦
3295126115,veve浩
3545347792,国医研究院
3128726723,so__intimate
3081795570,追了过去
3128730791,去摘天上的星星
2680133483,__微传媒
2806924600,商人博博
3368736084,都市达人4
3128731367,划出一份寂寥
2829152765,angelxie0809cl
2828117907,南门村小少爷07
3025760541,凤帐烛摇红影
2720831273,名扬文化传媒有限公司
3627763034,艺星国际
3627832863,时尚度微博
3480879617,菲萋
3627785344,爱创意文化
3627848434,内秀时尚微博
3613540800,乐动星光
3628033143,蓝光和骏
3628237383,角度空间微博
2945830655,亨尚传媒
3613490110,顶尖视觉传媒
3628155445
3613448737
3482388787,逸飞模特经纪
3201003083,灵动飞扬文化
3613511301,夺目世纪文化
3088452241,沃茨文化
2845008715,至尊网络科技
3613438710,创新联盟官博
2844094415,星皇文化
3884548370
3613535167,时尚音乐文化
3613439451
3627825160,乐听乐动官博
3627798005,派心时尚
3608992295,指尖时代微营销
3608992753,爱生活电商
3627934827,-任意空间-
3628024491,梦露时尚微博
3888668616
2672536121,横街子等公交
2675885283,梧桐花在哪儿
2672523201,凉水河桥北
2672830731,谈钱伤感情嗯啊
2672264301,翁牛特旗牧羊人
217171799
3273306610
2185021082,深圳同城吧